0.001 0.505 0.085 0.31
0.02 0.428 0.0465 0.3
0.03 0.404 0.082 0.081
0.035 0.338 0.027 0.027
0.06 0.38 0.12 0.12 
0.067 0.423 0.055 0.27
0.1 0.48 0.16 0.25
0.15 0.49 0.145 0.31
0.17 0.51 0.06 0.3
0.18 0.36 0.09 0.27
0.25 0.3665 0.0601 0.25
0.3 0.407 0.055 0.25
0.31 0.469 0.098 0.307
0.32 0.48 0.1 0.274
0.36 0.474 0.097 0.307
0.37 0.4602 0.0378 0.25
0.38 0.477 0.051 0.31
0.4 0.473 0.086 0.307
0.44 0.481 0.076 0.307
0.48 0.482 0.067 0.307
0.5 0.427 0.043 0.25
0.51 0.470 0.041 0.041
0.52 0.488 0.065 0.307
0.56 0.482 0.067 0.307
0.57 0.474 0.075 0.075
0.59 0.497 0.058 0.058
0.6 0.48 0.12 0.3
0.61 0.457 0.052 0.052
0.64 0.486 0.07 0.307
0.698 0.473 0.044 0.044
0.70 0.4336 0.05003 0.05003
0.727 0.296 0.0765 0.31
0.74 0.50 0.11 0.11
0.76 0.44 0.04 0.308
0.77 0.49 0.18 0.25
0.8 0.47 0.08 0.25
0.845 0.2968 0.0814 0.0814
0.85 0.52 0.10 0.10
0.86 0.48 0.1 0.3
0.978 0.379 0.176 0.176
1.05 0.28 0.08 0.308
1.230 0.385 0.099 0.099 
1.4 0.482 0.116 0.27
1.480 0.30 0.13 0.13
1.52 0.396 0.079 0.31
1.526 0.342 0.070 0.070 
1.944 0.364 0.106 0.106